>DOJHLOP01CWR2N length=98 xy=1076_1421 region=1 run=R_2005_09_08_15_35_38_
31 27 31 31 31 28 31 30 31 24 31 27 29 28 17 31 29 28 17 32 32 31 31 31 31 27 32 31 31 28 28 16 29 31 32 31 26 31 27 29 27 32 31 32 31 27 31 32 30 28 31 28 26 31 27 32 27 27 13 31 29 24 24 21 12 32 30 32 28 31 32 32 31 32 27 28 30 28 28 19 22 32 28 28 19 31 27 25 31 28 32 27 26 18 29 28 16 31 38 28

>DOJHLOP01A30LB length=103 xy=0338_2669 region=1 run=R_2005_09_08_15_35_38_
31 28 31 31 30 27 31 30 31 29 31 28 26 36 28 30 29 28 30 30 27 31 32 27 31 27 32 31 28 29 28 18 32 31 26 31 27 31 28 31 27 31 30 32 32 28 29 31 28 26 29 24 32 31 27 31 27 26 33 32 32 25 25 29 32 30 31 32 31 32 31 29 31 32 29 18 32 28 28 29 29 31 25 25 28 30 24 23 30 27 24 25 25 18 29 28 27 29 31 27

>DOJHLOP02HS3RZ length=102 xy=3084_3277 region=2 run=R_2005_09_08_15_35_38_
32 28 28 25 32 27 26 19 25 28 29 30 25 30 25 31 30 28 25 24 19 32 30 32 29 23 30 25 30 27 30 31 32 32 27 32 32 27 25 27 20 25 23 15 31 24 22 32 32 25 24 20 26 31 28 31 31 31 29 25 28 31 31 25 27 27 26 23 21 31 29 28 28 31 29 26 29 23 31 28 28 28 23 22 23 32 32 31 27 30 25 29 29 31 26 31 20 29 26 21

>DOJHLOP01A34HB length=97 xy=0339_3613 region=1 run=R_2005_09_08_15_35_38_
31 32 32 30 31 31 27 31 28 30 31 28 32 24 23 26 32 32 24 24 19 34 32 32 29 31 29 31 32 31 24 32 31 31 29 28 18 31 31 29 28 38 31 29 26 31 27 31 29 28 18 26 25 27 31 32 27 25 31 29 31 32 30 25 32 27 31 27 29 27 23 23 21 13 30 25 24 27 31 31 31 32 31 27 18 30 30 29 32 31 28 30 25 31 30 32 28 12 27 30

>DOJHLOP01DJ744 length=98 xy=1343_1702 region=1 run=R_2005_09_08_15_35_38_
27 21 30 23 22 23 29 32 24 24 19 25 30 31 28 32 32 31 31 30 29 31 26 29 28 27 24 30 31 29 28 27 32 30 28 31 28 27 29 28 18 25 24 17 26 28 31 27 32 29 31 32 26 19 29 19 29 24 18 26 24 22 22 20 36 28 29 24 20 30 29 29 32 30 28 23 21 28 22 32 24 29 24 25 26 32 32 31 20 24 17 26 32 30 16 31 20 10 30 32

>DOJHLOP01BQX95 length=100 xy=0599_3707 region=1 run=R_2005_09_08_15_35_38_
25 22 31 28 32 28 27 24 31 31 28 31 27 32 28 28 15 23 22 24 29 32 31 28 31 26 31 30 31 28 31 30 31 28 32 31 22 22 21 25 36 31 28 31 28 32 32 32 31 31 28 29 26 32 30 32 30 27 32 27 32 32 32 31 31 28 29 32 31 28 32 31 28 30 32 20 31 25 25 22 32 32 24 31 27 30 30 25 31 28 30 30 30 26 30 27 31 19 27 31

>DOJHLOP02GIMV0 length=94 xy=2555_1998 region=2 run=R_2005_09_08_15_35_38_
30 31 31 27 31 27 31 28 27 18 28 27 24 32 32 31 27 31 28 32 32 31 27 31 32 31 27 29 28 22 22 21 26 27 31 27 31 26 31 32 32 32 31 27 29 30 32 27 31 31 27 32 31 32 32 28 31 31 27 27 31 32 27 32 31 27 28 31 27 25 32 24 24 22 13 30 20 27 25 23 23 35 25 27 32 30 20 30 29 23 31 29 17 31 25 31 28 30 30 30